MA:[6813.015      6811.03       6812.475      6813.7        6813.055
 6812.975      6812.485      6810.18       6807.705      6807.22
 6809.11       6811.57       6811.95       6812.43       6813.335
 6814.265      6815.06       6814.82       6814.245      6813.425
 6812.47       6811.455      6808.115      6803.05436999 6798.36936999
 6793.89936999 6790.31436999 6787.99936999 6786.47436999 6784.21936999
 6782.50936999 6780.04575973 6776.89075973 6773.01075973 6769.95075973
 6766.27075973 6762.88575973 6760.13075973 6756.36929171 6752.48929171
 6748.79429171 6744.85929171 6744.78429171 6746.05992172 6747.99492172
 6749.25492172 6749.08992172 6748.40492172 6747.65492172 6747.38492172
 6746.19492172 6745.50353198 6745.10853198 6745.49853198 6744.90853198
 6744.20853198 6743.92853198 6743.91853198 6745.385      6746.96
 6748.61       6751.105      6750.17       6750.06       6748.985
 6747.69       6748.69       6749.99       6750.62       6750.13
 6749.32       6748.99       6748.77       6748.495      6748.285
 6749.22       6749.76       6749.94       6749.545      6749.57
 6749.545      6748.875      6749.325      6749.455      6749.87
 6751.265      6750.765      6750.01       6749.82       6751.115
 6752.515      6753.495      6754.695      6756.16       6757.62
 6757.185      6756.66       6756.03       6755.705      6755.035
 6754.79      ]@PO:[0, -0.788, 0.028, 0.602, -0.061, -0.028, 0.312, -0.016, -0.443, -0.508, -0.117, 0.703, -0.131, -0.087, 0.01, -0.053, 0.113, 0.097, 0.053, -0.147, -0.113, 0.216, -0.037, 0.051, 0.104, -0.148, -0.22, -0.066, 0.14, 0.19, 0.051, 0.088, -0.101, 0.038, 0.018, -0.092, -0.191, -0.001, -0.019, -0.187, -0.131, -0.469, -0.547, 0.164, 0.17, 0.113, 0.154, 0.167, -0.075, 0.352, -0.171, -0.116, -0.316, 0.282, -0.166, -0.006, -0.006, -0.3, -0.055, -0.134, -0.204, 0.677, -0.147, 0.359, -0.031, -0.309, 0.0, 0.148, 0.067, 0.08, -0.024, -0.028, -0.084, -0.009, -0.199, 0.119, 0.074, 0.138, -0.022, -0.111, 0.047, -0.344, 0.098, 0.073, -0.096, 0.371, 0.089, -0.05, -0.265, -0.015, 0.119, 0.004, -0.101, 0.01, 0.141, 0.001, -0.033, -0.033, 0.102, -0.126, -0.144, -0.012, 0.003, 0.157, 0.194, -0.191, 0.013, 0.117, 0.175, 0.016, -0.006, 0.069, -0.022, 0.009, -0.419, -0.025, -0.064, 0.058, 0.0, 0.0]@RSI:[42.46316585 42.46316585 42.46316585 42.46316585 42.46316585 42.46316585
 42.46316585 42.46316585 42.46316585 42.46316585 42.46316585 42.46316585
 42.46316585 42.46316585 42.62656119 41.96649791 43.96514642 45.69162944
 46.65706705 44.30117768 42.52079154 46.9075432  46.26091617 47.35507508
 49.59700223 46.55947113 42.40568652 41.21766247 44.73753671 49.18698391
 50.35490941 52.37576853 49.86207349 50.81988631 51.28247191 48.69298929
 43.78039181 43.74383209 43.23833317 38.55140139 35.63611634 27.60393295
 21.53600307 26.71209312 31.73256616 34.93270273 39.13717481 43.41552
 41.9811715  50.24265989 46.75644104 44.50678451 38.9844221  45.45546715
 42.58817572 42.48510174 42.37465552 37.11910169 36.24077896 34.10960551
 31.11050465 47.5641651  45.03805002 51.77972473 51.19290588 45.64818707
 45.64818707 48.72966446 50.10066278 51.76743797 51.22149733 50.53987901
 48.45659806 48.23122448 43.37872896 46.81878102 48.90808801 52.6353978
 51.97676168 48.69571031 50.14186011 41.09716115 44.18183912 46.42506044
 43.90444248 54.20351335 56.27825028 54.7642011  47.5164658  47.14111524
 50.50926588 50.63629323 47.65080144 47.99074624 52.49902862 52.54565885
 51.35132956 50.12439593 53.848853   48.99505628 44.10888488 43.72161337
 43.85433155 50.51506887 57.26285984 50.02836722 50.49825381 54.53913828
 59.81570966 60.27855359 60.00788455 62.15804967 61.0302788  61.33249264
 43.95614729 43.16775467 41.15694804 43.71767748 43.71767748 43.71767748]@